0000000000000000000000000000000000000000000000000000000000000000000000000000000000000
0000111140000000000011111111111000000011111111111000011111111110000000000000000000000
0004000004000000000010000000001000000010000000001000010000000010000000000000000000000
0040000000100000000010000000001111111110000000001000010000000010000000000000000000000
0100100040011111111110000000000000000000000000001000010000000010000000000000000000000
0400000000000000000000000000000000000000000000001111110000000010000000000000000000000
0100000000000000000000000000001111111110000000000000000000000010000000000000000000000
0100400040000000000000000000001000000010000000001111110000000010000000000000000000000
0100000000011111111110000000001000000011111111111000010000000010000000000000000000000
0010000000100000000010000000001000000000000000000000010000000010000000000000000000000
0001000001000000000010000000001000000000000000000111110000000010000000000000000000000
0000110440000000000011111011111000000000000000000100000000000010000000000000000000000
0000010100000000000000001010000000000000000000000101110000000010000000000000000000000
0000010100000000000001111011110000000000000000000101011111101110000000000000000000000
0000010100000000000001000000010000000000000000000101000000101000000000000000000000000
0000010100000000000001000000010000000000000000000101000111101111000000000000000000000
0000010100000000000001000000010000000000000000000101000100000001000000000000000000000
0000010100000000000001111111110000000000000000000101000100000001000000000000000000000
0000010100000000000000001010000000000000000000000101000111101111000000000000000000000
0000010100000000000000001010000000000000000000000101000000101000000000000000000000000
0000010100000000000000001010000000000000000000000101111111101111110000000000000000000
0000010100000000000000001010000000000000000000000100000000000000010000000000000000000
0000010100000000000000001010000000000000000000000100000000000000010000000000000000000
0000010100000000000000001010000000000000000000000100000000000000010000000000000000000
1111110111111100011111111011111111100000000000000100000000000000010000000000000000000
1000000000000100010000000000000000100000000000000100000000000000010000000000000000000
1000000000000100010000000000000000100000000000000100000000000000010000000000000000000
1000000000000100010000000000000000100000000000000100000000000000010000000000000000000
1000000000000100010000000000000000100000000000000100000000000000010000000000000000000
1000000000000111110000000000000000111111111111111100000000000000010000000000000000000
1000000000000000000000000000000000000000000000000000000000000000010000000000000000000
1000000000000100010000000000000000111111111111111100000000000000010000000000000000000
1111110111111100010000000000000000100000000000000100000000000000010000000000000000000
0000000000000000010000000000000000100000000000000100000000000000010000000000000000000
0000000000000000010000000000000000100000000000000100000000000000010000000000000000000
0000000000000000010000000000000000100000000000000100000000000000010000000000000000000
0000000000000000011111111111111111100000000000000111111111111111110000000000000000000
0000000000000000000000000000000000000000000000000000000000000000000000000000000000000
0000000000000000000000000000000000000000000000000000000000000000000000000000000000000
0000000000000000000000000000000000000000000000000000000000000000000000000000000000000
0000000000000000000000000000000000000000000000000000000000000000000000000000000000000
0000000000000000000000000000000000000000000000000000000000000000000000000000000000000
0000000000000000000000000000000000000000000000000000000000000000000000000000000000000
0000000000000000000000000000000000000000000000000000000000000000000000000000000000000
0000000000000000000000000000000000000000000000000000000000000000000000000000000000000
0000000000000000000000000000000000000000000000000000000000000000000000000000000000000
0000000000000000000000000000000000000000000000000000000000000000000000000000000000000
0000000000000000000000000000000000000000000000000000000000000000000000000000000000000
0000000000000000000000000000000000000000000000000000000000000000000000000000000000000
0000000000000000000000000000000000000000000000000000000000000000000000000000000000000
0000000000000000000000000000000000000000000000000000000000000000000000000000000000000
